x <- c(1, 1, 2, 3, 5, 8)
k <- 5

y <- x[x != k]